{
 "cells": [
  {
   "cell_type": "markdown",
   "metadata": {},
   "source": [
    "# Exercise 3: Numpy"
   ]
  },
  {
   "cell_type": "markdown",
   "metadata": {},
   "source": [
    "Perform the follwing tasks:\n"
   ]
  },
  {
   "cell_type": "code",
   "execution_count": 1,
   "metadata": {},
   "outputs": [],
   "source": [
    "#3.1: import the numpy library\n",
    "import numpy as np"
   ]
  },
  {
   "cell_type": "code",
   "execution_count": 8,
   "metadata": {},
   "outputs": [
    {
     "data": {
      "text/plain": [
       "array([[0.57265814, 0.25375851, 0.01895627, 0.67712646, 0.83500969,\n",
       "        0.0015099 , 0.00215909, 0.66153218, 0.91995618, 0.72273217],\n",
       "       [0.95878831, 0.24510708, 0.92473375, 0.90661579, 0.72502336,\n",
       "        0.17138453, 0.40009447, 0.62074813, 0.92290699, 0.29124126],\n",
       "       [0.96446086, 0.10014939, 0.62890542, 0.67805434, 0.26963877,\n",
       "        0.69508623, 0.3871574 , 0.51905313, 0.53512112, 0.61857942],\n",
       "       [0.58891096, 0.58402565, 0.32722037, 0.6531373 , 0.68538894,\n",
       "        0.25086203, 0.92214237, 0.49215308, 0.63631964, 0.9368421 ],\n",
       "       [0.65104327, 0.17873734, 0.38364399, 0.70703686, 0.50670378,\n",
       "        0.95549926, 0.2401595 , 0.61167853, 0.30533876, 0.8132768 ],\n",
       "       [0.16165817, 0.42972367, 0.66435641, 0.24426479, 0.89208913,\n",
       "        0.79094459, 0.91023634, 0.37121783, 0.5753813 , 0.97546485],\n",
       "       [0.13355253, 0.74606129, 0.36613396, 0.00142695, 0.46398539,\n",
       "        0.09259874, 0.36518336, 0.67944035, 0.44690021, 0.616785  ],\n",
       "       [0.70866961, 0.45911353, 0.24599187, 0.41318214, 0.97601487,\n",
       "        0.73131557, 0.42521357, 0.19018004, 0.2019203 , 0.52761974],\n",
       "       [0.56840858, 0.29913416, 0.24427139, 0.1908499 , 0.79864703,\n",
       "        0.54059623, 0.01634657, 0.02542025, 0.78570744, 0.54998396],\n",
       "       [0.07780363, 0.91464872, 0.5855338 , 0.00734006, 0.74865167,\n",
       "        0.42119848, 0.99279308, 0.95615996, 0.90208721, 0.3510236 ]])"
      ]
     },
     "execution_count": 8,
     "metadata": {},
     "output_type": "execute_result"
    }
   ],
   "source": [
    "#3.2: create a random 10x10 array named A\n",
    "A = np.random.rand(10,10)\n",
    "\n",
    "A"
   ]
  },
  {
   "cell_type": "code",
   "execution_count": 22,
   "metadata": {},
   "outputs": [
    {
     "data": {
      "text/plain": [
       "array([[0.57265814, 0.25375851, 0.01895627, 0.67712646, 0.83500969,\n",
       "        0.0015099 , 0.00215909, 0.66153218, 0.91995618, 0.72273217],\n",
       "       [0.96446086, 0.10014939, 0.62890542, 0.67805434, 0.26963877,\n",
       "        0.69508623, 0.3871574 , 0.51905313, 0.53512112, 0.61857942],\n",
       "       [0.65104327, 0.17873734, 0.38364399, 0.70703686, 0.50670378,\n",
       "        0.95549926, 0.2401595 , 0.61167853, 0.30533876, 0.8132768 ],\n",
       "       [0.13355253, 0.74606129, 0.36613396, 0.00142695, 0.46398539,\n",
       "        0.09259874, 0.36518336, 0.67944035, 0.44690021, 0.616785  ],\n",
       "       [0.56840858, 0.29913416, 0.24427139, 0.1908499 , 0.79864703,\n",
       "        0.54059623, 0.01634657, 0.02542025, 0.78570744, 0.54998396]])"
      ]
     },
     "execution_count": 22,
     "metadata": {},
     "output_type": "execute_result"
    }
   ],
   "source": [
    "#3.3: return only the odd rows of A\n",
    "A[::2]"
   ]
  },
  {
   "cell_type": "code",
   "execution_count": 15,
   "metadata": {},
   "outputs": [
    {
     "data": {
      "text/plain": [
       "array([[3.35472441, 3.31937139, 2.55853233, 3.09662893, 2.60259559,\n",
       "        2.60757332, 1.96843731, 2.31666899, 2.34012501, 2.63674269],\n",
       "       [3.31937139, 4.69345134, 3.61131105, 3.67700103, 3.18937548,\n",
       "        3.28820485, 2.16300361, 2.85523811, 2.59653718, 3.38739909],\n",
       "       [2.55853233, 3.61131105, 3.4396464 , 3.16678996, 3.24421543,\n",
       "        3.02909587, 1.73895283, 2.63359309, 2.2324839 , 2.61502408],\n",
       "       [3.09662893, 3.67700103, 3.16678996, 4.12939035, 3.14081535,\n",
       "        3.83499376, 2.50968917, 2.99673208, 2.43981847, 3.68411379],\n",
       "       [2.60259559, 3.18937548, 3.24421543, 3.14081535, 3.45909389,\n",
       "        3.23208362, 1.82672688, 2.83246864, 2.2800639 , 2.60997385],\n",
       "       [2.60757332, 3.28820485, 3.02909587, 3.83499376, 3.23208362,\n",
       "        4.38217509, 2.5163525 , 3.11382741, 2.58226719, 3.9175038 ],\n",
       "       [1.96843731, 2.16300361, 1.73895283, 2.50968917, 1.82672688,\n",
       "        2.5163525 , 2.10749842, 1.74856564, 1.52300802, 2.92538927],\n",
       "       [2.31666899, 2.85523811, 2.63359309, 2.99673208, 2.83246864,\n",
       "        3.11382741, 1.74856564, 2.96778625, 2.31455069, 2.63220652],\n",
       "       [2.34012501, 2.59653718, 2.2324839 , 2.43981847, 2.2800639 ,\n",
       "        2.58226719, 1.52300802, 2.31455069, 2.35947507, 2.23023226],\n",
       "       [2.63674269, 3.38739909, 2.61502408, 3.68411379, 2.60997385,\n",
       "        3.9175038 , 2.92538927, 2.63220652, 2.23023226, 4.76028575]])"
      ]
     },
     "execution_count": 15,
     "metadata": {},
     "output_type": "execute_result"
    }
   ],
   "source": [
    "#3.4: perform a matrix multiplication of A with it's transposed\n",
    "np.dot(A, np.transpose(A))"
   ]
  },
  {
   "cell_type": "code",
   "execution_count": 17,
   "metadata": {},
   "outputs": [
    {
     "data": {
      "text/plain": [
       "array([[ 0.77445253, -0.82780713,  2.60453394, -0.67595763, -2.15685758,\n",
       "        -0.09182825,  0.3606895 ,  1.3783946 , -0.62804434, -0.16266708],\n",
       "       [-2.14342725,  0.88044085, -2.55354543,  1.89213084,  2.29302172,\n",
       "        -1.92742136,  0.85650527, -0.83980029,  1.79848573,  0.11564372],\n",
       "       [-0.76001033,  1.12177555, -0.34465836, -0.53574647,  0.07466452,\n",
       "         0.69763092,  0.98756796, -0.34504535,  0.02229841, -0.69192066],\n",
       "       [-1.39194872,  1.44877109, -3.13740454,  1.9335603 ,  3.02140844,\n",
       "        -1.16242379, -0.69856599, -1.29580693,  0.93136143, -0.0218104 ],\n",
       "       [ 1.12031668,  0.07063371,  0.08732749, -1.19625243, -1.04411237,\n",
       "         0.99923467, -0.08134649,  1.38589881, -0.93097978, -0.16573236],\n",
       "       [-0.71161893, -0.15696478, -0.57836814,  0.15139545,  1.45388117,\n",
       "        -0.46222514, -0.69944088, -0.38854612,  0.83471196,  0.63176696],\n",
       "       [ 0.40145986, -0.58896907,  1.12451484,  0.31101638, -1.23387479,\n",
       "         0.49308064, -0.89055807,  0.50912518, -0.86034768,  0.48641704],\n",
       "       [ 1.47705672, -0.65105925,  1.48697727, -1.46196477, -0.79623919,\n",
       "         0.43445205,  0.25454989,  0.73861432, -1.65193317,  0.44872301],\n",
       "       [-0.14235942, -0.00899513, -0.24936889,  0.58006457,  0.34656572,\n",
       "        -0.40012167, -0.78140561, -1.23661469,  1.3352696 ,  0.64049399],\n",
       "       [ 0.38178028, -0.5121319 ,  0.63464805,  0.0544106 , -0.43418206,\n",
       "         0.77694378,  0.90181344, -0.27813046, -0.118172  , -0.91042776]])"
      ]
     },
     "execution_count": 17,
     "metadata": {},
     "output_type": "execute_result"
    }
   ],
   "source": [
    "#3.5: compute the matrix inverse of A\n",
    "np.linalg.inv(A)"
   ]
  },
  {
   "cell_type": "code",
   "execution_count": 23,
   "metadata": {},
   "outputs": [
    {
     "data": {
      "text/plain": [
       "array([[0.28632907, 0.25375851, 0.01895627, 0.33856323, 0.41750484,\n",
       "        0.0015099 , 0.00215909, 0.33076609, 0.45997809, 0.36136609],\n",
       "       [0.47939416, 0.24510708, 0.46236687, 0.45330789, 0.36251168,\n",
       "        0.17138453, 0.40009447, 0.31037406, 0.46145349, 0.29124126],\n",
       "       [0.48223043, 0.10014939, 0.31445271, 0.33902717, 0.26963877,\n",
       "        0.34754311, 0.3871574 , 0.25952657, 0.26756056, 0.30928971],\n",
       "       [0.29445548, 0.29201282, 0.32722037, 0.32656865, 0.34269447,\n",
       "        0.25086203, 0.46107118, 0.49215308, 0.31815982, 0.46842105],\n",
       "       [0.32552164, 0.17873734, 0.38364399, 0.35351843, 0.25335189,\n",
       "        0.47774963, 0.2401595 , 0.30583927, 0.30533876, 0.4066384 ],\n",
       "       [0.16165817, 0.42972367, 0.33217821, 0.24426479, 0.44604457,\n",
       "        0.3954723 , 0.45511817, 0.37121783, 0.28769065, 0.48773243],\n",
       "       [0.13355253, 0.37303065, 0.36613396, 0.00142695, 0.46398539,\n",
       "        0.09259874, 0.36518336, 0.33972017, 0.44690021, 0.3083925 ],\n",
       "       [0.3543348 , 0.45911353, 0.24599187, 0.41318214, 0.48800744,\n",
       "        0.36565779, 0.42521357, 0.19018004, 0.2019203 , 0.26380987],\n",
       "       [0.28420429, 0.29913416, 0.24427139, 0.1908499 , 0.39932352,\n",
       "        0.27029812, 0.01634657, 0.02542025, 0.39285372, 0.27499198],\n",
       "       [0.07780363, 0.45732436, 0.2927669 , 0.00734006, 0.37432584,\n",
       "        0.42119848, 0.49639654, 0.47807998, 0.45104361, 0.3510236 ]])"
      ]
     },
     "execution_count": 23,
     "metadata": {},
     "output_type": "execute_result"
    }
   ],
   "source": [
    "#3.6: divide all entries of A which are lager than 0.5 by 2 (hint: use where() )\n",
    "mask=A>0.5\n",
    "A[mask]/=2\n",
    "A"
   ]
  },
  {
   "cell_type": "code",
   "execution_count": null,
   "metadata": {},
   "outputs": [],
   "source": []
  }
 ],
 "metadata": {
  "kernelspec": {
   "display_name": "Python 3",
   "language": "python",
   "name": "python3"
  },
  "language_info": {
   "codemirror_mode": {
    "name": "ipython",
    "version": 3
   },
   "file_extension": ".py",
   "mimetype": "text/x-python",
   "name": "python",
   "nbconvert_exporter": "python",
   "pygments_lexer": "ipython3",
   "version": "3.7.6"
  }
 },
 "nbformat": 4,
 "nbformat_minor": 4
}
